NEON_ABYSS_SAVE_V3
0
0 158.4 0 -1
610 610 240 0 1 15 16 0
0 0 0 0 0
4 -1 0 0 0 0
29 1 0 0 0 0 1 0 0 0 0 0 0 1 0 0 0 1 0 0 0 0 1 0 0 1 0 0 0 0
0
8
211.851 1033.77 0 0 88 88 14 34 2.1 18 0 0.17438 255 161 0 255 0 0 -1 2
200.824 1183.96 0 0 45 45 8 18 2.5 12 0 0.625037 130 130 130 255 0 0 -1 0
260.988 1183.19 0 0 45 45 14 44 3.375 14 0 0.22177 255 161 0 255 0 1 0 0
11.0541 935.935 0 0 88 88 14 34 2.1 18 0 0.228813 255 161 0 255 0 0 -1 2
-280.973 953.88 0 0 88 88 14 34 2.1 18 0 0.739894 255 161 0 255 0 0 -1 2
232.172 975.388 0 0 88 88 14 34 2.1 18 0 0.740747 255 161 0 255 0 0 -1 2
-50.4382 897.699 0 0 88 88 14 34 2.1 18 0 0.183703 255 161 0 255 0 0 -1 2
257.979 889.022 0 0 88 88 22 60 2.31 20 0 0.435018 59 146 209 255 0 1 2 2
0
0
0
